188.tif 4 1.0 497 737 488 749 454 723 463 711
188.tif 4 0.94 275 307 266 298 290 275 298 284
188.tif 4 0.85 103 497 97 504 82 492 88 485
188.tif 4 0.83 225 367 219 362 232 348 238 353
188.tif 4 0.74 219 363 214 358 230 343 235 348
188.tif 4 0.28 13 609 6 605 18 587 25 592
188.tif 4 0.06 244 354 239 348 262 326 267 332
188.tif 5 0.93 43 586 27 575 83 493 99 504
188.tif 5 0.86 242 352 234 344 258 319 266 327
188.tif 5 0.13 238 341 231 335 250 316 257 322
217.tif 4 1.0 208 346 196 366 132 327 144 307
217.tif 4 1.0 272 274 262 295 187 255 198 234
217.tif 4 1.0 293 980 287 997 234 979 240 961
217.tif 5 1.0 342 965 324 999 246 958 264 924
103.tif 3 1.0 443 682 412 643 639 464 670 502
103.tif 3 1.0 246 843 214 804 399 652 431 691
103.tif 4 1.0 531 802 519 792 543 761 556 771
40.tif 4 1.0 482 952 468 914 685 835 698 873
131.tif 1 1.0 1136 415 1017 541 602 151 722 25
131.tif 2 1.0 859 827 823 859 618 625 655 593
131.tif 2 1.0 286 699 246 709 151 354 191 344
131.tif 2 1.0 389 686 347 697 260 351 302 340
131.tif 2 1.0 1016 1023 989 1047 875 919 902 895
131.tif 2 0.06 1140 320 1036 496 600 238 705 62
131.tif 5 0.97 410 794 377 804 354 724 387 714
131.tif 5 0.73 902 901 874 926 820 868 848 843
131.tif 5 0.1 1137 328 1021 506 600 230 716 52
182.tif 4 1.0 760 746 736 758 670 622 695 610
182.tif 4 1.0 364 174 364 201 199 200 199 174
133.tif 5 1.0 921 141 915 130 954 108 960 119
133.tif 5 1.0 819 183 815 174 850 158 854 166
133.tif 5 1.0 879 701 859 712 819 637 838 626
133.tif 5 1.0 771 602 752 611 715 534 734 525
133.tif 5 0.99 790 589 769 599 731 524 752 514
133.tif 5 0.99 859 712 841 721 802 645 820 636
133.tif 5 0.99 978 108 975 102 1007 86 1011 92
133.tif 5 0.91 1025 870 1006 900 903 834 923 803
133.tif 5 0.06 847 720 810 740 768 661 804 642
211.tif 4 1.0 844 459 836 479 770 453 778 432
211.tif 4 1.0 753 422 744 440 685 411 694 393
211.tif 5 1.0 725 796 704 757 795 710 815 749
143.tif 4 1.0 1002 1027 978 1023 992 940 1015 944
183.tif 4 1.0 134 884 129 907 49 887 54 865
97.tif 2 1.0 686 963 674 931 859 859 872 892
97.tif 4 0.25 499 1021 487 1027 471 997 483 991
97.tif 4 0.16 805 881 793 851 924 796 936 826
97.tif 5 0.99 806 882 794 853 925 797 938 827
97.tif 5 0.98 901 1079 846 1027 1017 849 1072 901
112.tif 5 0.98 243 77 227 57 281 14 297 34
99.tif 3 0.99 893 739 877 752 822 687 839 673
99.tif 4 1.0 34 799 25 781 128 730 137 749
99.tif 4 1.0 626 704 619 714 573 678 581 668
99.tif 4 0.23 667 956 658 964 642 948 651 940
99.tif 4 0.08 685 977 677 984 662 966 670 959
99.tif 4 0.06 713 1008 705 1015 684 991 692 984
108.tif 2 1.0 114 670 82 619 347 457 378 509
108.tif 2 1.0 148 726 119 681 382 515 411 561
108.tif 2 0.09 888 1048 877 1021 1001 968 1013 995
108.tif 4 0.98 448 524 438 532 421 509 431 501
108.tif 5 1.0 235 708 219 680 323 618 340 646
158.tif 4 0.12 699 628 689 621 714 589 724 596
158.tif 4 0.07 637 725 616 717 629 684 650 692
158.tif 5 1.0 601 733 587 720 640 663 654 676
158.tif 5 1.0 701 627 691 620 712 590 722 597
158.tif 5 0.99 624 723 613 712 639 686 650 697
121.tif 2 1.0 375 585 359 598 247 459 263 447
121.tif 2 1.0 643 478 630 464 755 339 769 352
121.tif 2 1.0 744 907 728 893 859 741 875 755
234.tif 4 1.0 686 945 679 956 645 932 652 921
234.tif 5 1.0 97 459 40 452 57 297 114 303
23.tif 4 1.0 770 909 753 894 815 822 832 837
23.tif 4 1.0 650 1038 631 1021 742 897 761 914
201.tif 2 1.0 205 189 188 175 261 79 279 92
201.tif 2 0.99 549 61 532 48 574 -10 591 1
201.tif 2 0.55 194 171 178 160 238 71 254 82
201.tif 4 1.0 593 895 569 867 658 792 681 820
201.tif 4 1.0 508 430 483 395 609 307 633 341
201.tif 4 1.0 105 416 72 392 149 290 182 315
201.tif 4 1.0 800 1049 771 1015 889 916 918 950
201.tif 4 0.14 206 189 187 175 261 78 279 93
201.tif 4 0.1 196 171 179 160 236 73 253 84
201.tif 4 0.05 549 57 533 45 574 -8 590 3
201.tif 5 1.0 323 845 269 785 417 650 471 709
201.tif 5 1.0 979 241 957 234 980 168 1002 176
201.tif 5 0.99 196 169 181 159 237 73 252 84
254.tif 3 1.0 403 582 397 640 79 608 85 550
254.tif 3 1.0 1074 1010 1000 1036 898 739 971 714
254.tif 3 1.0 222 1020 171 1038 89 798 140 780
102.tif 3 1.0 321 1003 293 1049 75 914 103 868
102.tif 4 1.0 204 684 185 661 336 536 355 559
102.tif 5 0.22 -1 846 -12 833 29 795 41 808
202.tif 3 1.0 53 864 22 828 161 708 192 744
202.tif 4 1.0 233 607 229 620 190 608 194 595
55.tif 4 1.0 576 182 554 157 721 11 742 36
5.tif 3 1.0 250 569 159 576 123 83 214 77
122.tif 2 1.0 800 432 779 467 539 322 560 288
122.tif 2 0.97 1055 368 1015 387 945 246 984 226
166.tif 4 1.0 807 559 790 584 655 487 673 462
166.tif 4 0.07 781 521 770 535 741 512 752 498
149.tif 3 0.12 485 925 447 946 342 758 380 737
149.tif 4 1.0 88 192 64 205 -10 62 14 49
149.tif 4 1.0 487 933 451 952 344 756 380 736
149.tif 4 0.1 203 408 185 416 149 346 167 337
149.tif 5 0.97 201 407 184 416 150 346 167 337
174.tif 3 1.0 678 522 624 463 913 202 966 261
224.tif 3 1.0 273 911 209 934 78 573 142 550
116.tif 2 0.17 44 1040 -4 1014 43 922 92 948
116.tif 3 0.11 42 1038 -3 1013 44 924 90 949
116.tif 4 1.0 61 765 50 757 77 720 88 728
116.tif 4 1.0 97 672 86 665 107 630 119 637
116.tif 4 1.0 20 717 8 711 29 671 41 677
116.tif 4 1.0 127 636 118 632 135 595 145 599
116.tif 4 1.0 78 708 66 702 84 669 96 676
116.tif 4 1.0 172 801 139 784 205 658 238 675
116.tif 4 1.0 44 670 31 663 49 627 62 634
116.tif 4 1.0 106 920 85 909 144 791 166 801
116.tif 4 1.0 54 753 43 747 61 715 71 721
116.tif 4 1.0 41 1040 -5 1016 41 925 87 948
116.tif 4 1.0 9 711 -3 706 16 664 28 670
116.tif 4 0.99 119 627 110 623 122 598 131 602
116.tif 4 0.91 135 596 127 591 141 566 150 571
116.tif 4 0.69 239 656 227 650 240 624 252 630
116.tif 4 0.6 246 664 235 658 250 633 261 639
116.tif 5 0.95 9 737 0 732 10 713 19 718
116.tif 5 0.94 24 807 15 803 26 779 35 784
116.tif 5 0.19 44 1038 -3 1015 40 925 87 948
116.tif 5 0.18 144 593 137 589 151 565 158 569
116.tif 5 0.09 79 708 67 702 84 671 95 677
116.tif 5 0.09 128 639 117 634 136 594 146 599
189.tif 4 1.0 497 225 488 237 454 211 463 199
189.tif 4 0.83 171 989 165 996 145 977 151 970
189.tif 4 0.68 165 994 160 1001 141 987 147 979
189.tif 4 0.06 170 981 165 986 153 973 158 968
189.tif 5 0.99 813 524 802 542 738 503 749 484
241.tif 5 1.0 958 891 958 922 860 922 860 891
186.tif 2 0.07 696 495 670 496 668 392 694 391
186.tif 4 1.0 733 987 705 983 721 881 750 886
186.tif 4 0.99 245 749 237 760 213 741 221 731
186.tif 4 0.96 171 821 165 829 136 807 142 798
186.tif 4 0.95 199 791 191 800 168 780 175 772
186.tif 4 0.94 153 834 148 841 117 820 123 812
186.tif 4 0.93 221 769 215 777 192 759 198 751
186.tif 4 0.92 180 1018 175 1009 202 993 207 1001
186.tif 4 0.91 182 805 176 813 151 795 157 787
186.tif 4 0.64 170 992 166 983 192 972 196 980
186.tif 4 0.64 161 827 156 833 129 812 134 806
186.tif 4 0.51 753 979 737 978 744 913 760 914
186.tif 4 0.46 177 967 171 958 195 942 201 951
186.tif 4 0.27 771 93 769 87 792 77 795 84
186.tif 4 0.23 157 946 150 934 176 917 184 929
186.tif 4 0.23 778 122 778 114 806 113 807 121
186.tif 4 0.19 145 840 140 847 111 828 116 820
186.tif 4 0.19 774 107 772 100 800 91 802 98
186.tif 4 0.13 682 1009 682 995 749 991 749 1005
186.tif 4 0.08 189 797 184 804 163 787 167 781
186.tif 4 0.08 785 152 783 142 807 138 809 147
186.tif 4 0.05 876 85 874 77 894 73 896 81
186.tif 5 1.0 771 634 742 635 739 524 768 523
186.tif 5 1.0 766 754 735 754 736 647 767 648
186.tif 5 1.0 681 787 653 786 655 651 683 651
186.tif 5 1.0 667 493 639 493 638 391 666 391
186.tif 5 1.0 712 782 687 783 684 654 709 653
186.tif 5 1.0 744 504 717 505 715 397 742 396
186.tif 5 1.0 713 637 688 638 685 532 710 531
186.tif 5 1.0 772 506 745 506 745 394 772 394
186.tif 5 1.0 616 642 590 645 577 535 604 532
186.tif 5 1.0 695 495 670 495 667 391 693 390
186.tif 5 1.0 643 641 615 643 607 536 635 534
186.tif 5 1.0 749 992 749 1007 674 1007 674 992
186.tif 5 1.0 743 637 713 638 708 529 737 527
186.tif 5 1.0 689 637 663 638 658 534 684 533
186.tif 5 1.0 737 756 716 758 709 654 730 653
186.tif 5 0.97 716 500 692 499 696 398 719 399
186.tif 5 0.92 666 638 644 641 633 539 655 537
186.tif 5 0.9 158 944 151 932 176 917 183 929
186.tif 5 0.06 180 1018 175 1010 203 992 208 1001
110.tif 1 1.0 16 573 -23 499 378 279 419 352
110.tif 3 0.07 18 569 -19 500 390 273 428 341
229.tif 4 1.0 944 879 927 889 889 827 907 816
229.tif 4 0.97 56 605 55 614 20 611 21 601
229.tif 4 0.97 60 594 59 605 15 600 16 589
229.tif 4 0.89 60 617 59 626 20 622 21 612
229.tif 4 0.89 58 627 57 638 13 634 14 623
229.tif 4 0.87 41 677 41 686 12 684 13 675
229.tif 4 0.8 55 638 54 648 14 645 15 635
229.tif 4 0.78 51 649 50 657 15 655 16 646
229.tif 4 0.6 55 693 53 703 30 699 32 689
229.tif 4 0.56 58 585 56 595 17 587 19 578
229.tif 4 0.43 41 669 40 676 16 672 17 665
229.tif 4 0.34 43 660 41 667 15 661 16 654
229.tif 5 0.56 57 585 55 596 16 587 18 577
229.tif 5 0.48 54 638 53 649 14 645 15 634
229.tif 5 0.42 48 649 47 658 13 654 14 645
229.tif 5 0.37 56 627 55 638 14 634 15 623
229.tif 5 0.36 59 616 58 627 20 622 21 612
229.tif 5 0.12 60 595 58 606 13 600 15 589
229.tif 5 0.06 40 678 39 686 11 683 12 674
252.tif 2 1.0 801 572 793 551 891 512 899 533
252.tif 2 1.0 284 559 270 560 268 418 282 417
252.tif 2 1.0 234 558 217 559 211 414 228 414
252.tif 2 1.0 978 1023 934 1039 832 757 876 741
252.tif 4 1.0 568 363 567 340 654 336 655 359
252.tif 4 1.0 404 549 386 550 383 484 401 484
252.tif 4 1.0 492 359 491 346 550 342 550 356
252.tif 4 1.0 376 540 362 541 361 479 375 479
252.tif 4 1.0 628 483 627 469 688 468 688 482
252.tif 4 1.0 822 707 811 711 797 668 808 665
252.tif 4 0.99 956 604 951 588 998 573 1003 590
252.tif 4 0.96 905 626 898 609 952 587 959 603
252.tif 4 0.13 856 636 852 625 892 611 896 623
252.tif 4 0.13 485 346 485 360 424 360 424 346
252.tif 5 1.0 862 650 857 637 897 622 902 635
252.tif 5 1.0 631 443 631 458 593 457 593 443
252.tif 5 1.0 809 652 805 643 841 628 845 638
252.tif 5 1.0 855 637 851 626 891 611 895 622
252.tif 5 1.0 812 663 808 650 850 637 854 650
252.tif 5 1.0 424 361 424 346 485 345 485 361
252.tif 5 1.0 642 457 642 448 684 447 684 457
252.tif 5 1.0 640 448 639 440 679 436 680 445
252.tif 5 1.0 933 518 926 498 993 475 1000 496
252.tif 5 0.99 637 437 636 425 678 424 678 436
252.tif 5 0.99 937 494 931 482 972 464 978 477
252.tif 5 0.98 642 544 641 530 688 527 689 542
252.tif 5 0.48 680 491 679 512 633 510 634 490
252.tif 5 0.12 911 633 906 616 945 605 949 622
11.tif 4 1.0 823 314 807 294 924 201 940 221
11.tif 4 1.0 740 224 726 204 836 126 850 146
164.tif 4 1.0 613 138 605 154 530 116 538 100
155.tif 3 1.0 659 320 564 371 362 -5 458 -57
24.tif 4 0.49 535 946 521 976 384 913 398 883
24.tif 4 0.22 421 934 414 946 378 927 384 914
24.tif 4 0.1 553 917 536 949 406 882 422 850
24.tif 5 1.0 551 916 534 949 407 884 423 852
24.tif 5 0.98 539 946 524 979 380 911 395 879
24.tif 5 0.98 421 934 414 946 378 926 385 914
38.tif 4 1.0 701 504 684 482 810 385 827 407
251.tif 2 1.0 892 544 844 545 832 141 881 139
219.tif 3 0.06 127 529 104 544 37 437 60 422
219.tif 4 1.0 962 591 956 578 1023 545 1029 558
219.tif 4 1.0 968 571 963 561 1019 535 1024 545
219.tif 4 1.0 952 781 933 789 910 728 929 721
219.tif 4 1.0 988 868 964 876 935 792 959 784
219.tif 4 1.0 1024 847 1003 854 981 789 1002 782
219.tif 4 1.0 959 566 953 554 1012 525 1018 537
219.tif 4 1.0 923 704 905 711 884 659 901 651
219.tif 4 1.0 1016 948 995 956 969 884 989 876
219.tif 4 1.0 1005 856 987 862 963 795 981 788
219.tif 4 1.0 1038 935 1018 942 990 873 1010 865
219.tif 4 0.99 900 576 897 567 941 552 943 560
219.tif 4 0.96 908 605 905 595 937 584 941 594
219.tif 4 0.77 124 524 100 539 38 440 62 426
219.tif 4 0.45 1034 1014 1017 1020 997 964 1015 957
219.tif 5 0.69 900 599 894 581 941 566 947 584
220.tif 3 1.0 672 984 652 1022 397 892 417 853
228.tif 4 1.0 389 999 377 1025 222 953 234 927
256.tif 4 0.2 166 525 141 499 211 434 235 460
256.tif 4 0.14 170 450 160 459 140 436 151 427
256.tif 5 0.98 166 527 141 501 210 434 235 460
256.tif 5 0.94 171 467 140 430 199 382 229 419
242.tif 4 1.0 484 777 475 761 541 728 550 745
185.tif 2 1.0 133 154 122 139 195 83 206 98
185.tif 2 1.0 552 344 539 339 562 278 576 283
185.tif 2 1.0 529 331 515 325 539 268 553 274
185.tif 2 1.0 499 254 477 245 531 110 554 119
185.tif 2 1.0 478 246 454 236 502 114 526 123
185.tif 2 1.0 581 275 567 269 587 213 601 218
185.tif 2 1.0 421 234 397 225 445 90 469 99
185.tif 2 1.0 135 91 123 79 181 21 194 33
185.tif 2 1.0 122 140 113 128 175 79 184 90
185.tif 4 1.0 241 342 226 337 240 296 254 301
185.tif 4 0.94 104 119 95 107 119 90 128 102
185.tif 4 0.79 668 374 665 386 639 380 642 368
185.tif 4 0.57 271 271 261 268 270 241 280 245
185.tif 4 0.09 693 243 690 259 675 255 678 240
185.tif 4 0.09 188 83 179 75 205 47 213 55
185.tif 5 1.0 943 474 922 466 944 407 966 416
185.tif 5 0.99 187 80 179 72 206 46 214 54
185.tif 5 0.99 970 497 939 486 965 415 996 427
185.tif 5 0.99 995 508 969 498 995 425 1021 435
185.tif 5 0.99 623 335 608 329 630 265 645 270
185.tif 5 0.98 664 337 637 328 662 251 689 260
142.tif 3 1.0 342 253 318 194 676 52 700 112
46.tif 2 0.49 452 581 429 553 582 430 604 458
46.tif 3 0.62 452 582 429 555 583 426 606 453
46.tif 4 0.93 451 582 429 555 584 428 606 456
237.tif 1 0.08 1051 20 1038 334 600 316 614 2
237.tif 4 1.0 272 195 252 205 200 93 221 83
138.tif 3 1.0 368 686 331 648 546 439 583 477
138.tif 3 1.0 644 413 608 375 823 170 859 207
138.tif 3 1.0 85 966 49 929 255 730 291 767
153.tif 3 0.87 516 957 467 963 434 689 483 683
153.tif 4 0.71 519 958 470 964 434 693 483 686
44.tif 4 1.0 552 778 546 747 721 711 728 742
65.tif 4 1.0 675 411 665 430 567 376 577 357
240.tif 2 0.66 520 889 455 912 321 535 386 512
240.tif 3 0.98 524 890 458 914 320 532 385 509
6.tif 4 1.0 968 897 957 920 884 881 896 859
6.tif 4 1.0 182 318 147 296 240 150 275 172
6.tif 4 1.0 944 940 935 960 863 928 872 908
6.tif 4 1.0 911 992 901 1009 838 973 848 956
58.tif 3 0.17 828 1039 816 1015 869 989 880 1012
58.tif 3 0.06 771 1038 758 1012 861 964 873 990
58.tif 4 1.0 1010 864 987 874 947 784 971 773
58.tif 4 1.0 661 242 645 229 692 175 707 188
58.tif 4 1.0 903 1001 892 977 989 933 1000 958
58.tif 4 1.0 988 874 964 883 926 791 950 781
58.tif 4 1.0 772 1033 761 1010 857 966 868 989
58.tif 4 0.14 294 746 288 735 319 719 325 729
58.tif 4 0.13 316 779 302 783 292 751 305 746
58.tif 4 0.07 775 786 768 773 814 748 821 761
58.tif 4 0.07 823 1039 812 1016 868 990 878 1013
58.tif 5 1.0 315 778 303 782 293 750 305 746
58.tif 5 0.96 774 786 767 771 814 746 821 761
58.tif 5 0.96 295 745 289 735 320 718 325 728
58.tif 5 0.05 772 1036 760 1011 854 966 866 991
92.tif 3 1.0 698 829 653 848 537 572 582 553
239.tif 2 1.0 793 604 784 625 697 589 705 567
239.tif 3 1.0 255 1045 204 1019 323 777 375 803
239.tif 4 0.09 794 604 784 626 697 588 707 567
239.tif 5 1.0 957 643 922 697 758 590 793 537
239.tif 5 0.52 150 58 127 85 38 11 61 -15
239.tif 5 0.42 121 80 103 103 41 54 59 31
111.tif 5 1.0 772 998 746 984 799 890 824 905
85.tif 4 1.0 481 903 478 865 675 850 678 889
253.tif 5 1.0 601 638 579 654 547 612 569 596
253.tif 5 0.99 555 577 522 598 466 508 499 488
136.tif 2 0.3 685 966 654 959 685 810 716 816
136.tif 4 1.0 682 970 654 964 687 810 715 816
160.tif 4 1.0 239 346 214 356 163 231 188 221
160.tif 4 1.0 185 102 161 80 252 -19 276 2
162.tif 4 1.0 991 666 967 677 911 555 935 544
62.tif 4 1.0 174 661 149 639 270 506 294 529
209.tif 4 1.0 885 557 873 542 934 498 946 513
209.tif 4 1.0 636 770 631 756 683 735 688 749
209.tif 4 1.0 924 575 911 563 946 525 959 538
209.tif 4 0.65 588 223 583 214 615 196 620 206
209.tif 4 0.54 711 151 706 143 728 128 734 135
209.tif 4 0.36 743 144 734 133 756 114 765 125
209.tif 5 1.0 754 208 748 198 790 174 795 183
209.tif 5 0.99 741 200 731 189 776 151 785 162
209.tif 5 0.99 622 206 615 195 655 170 662 181
209.tif 5 0.68 1006 621 982 634 951 575 974 563
52.tif 4 1.0 569 528 559 500 704 445 715 473
199.tif 2 1.0 717 701 700 687 773 591 791 604
199.tif 2 0.52 706 683 690 672 750 583 766 594
199.tif 2 0.09 7 291 -30 277 36 95 74 109
199.tif 3 1.0 8 288 -29 274 34 97 72 110
199.tif 4 1.0 617 929 584 903 660 802 693 827
199.tif 4 1.0 344 671 318 650 428 512 454 533
199.tif 4 0.15 718 701 699 687 773 590 791 605
199.tif 4 0.1 708 683 691 672 748 585 765 596
199.tif 5 1.0 655 204 611 220 570 112 614 96
199.tif 5 0.99 708 681 693 671 749 585 764 596
123.tif 4 1.0 135 509 134 524 77 518 79 503
123.tif 4 1.0 91 599 90 584 137 582 138 596
123.tif 5 0.23 88 547 87 539 109 537 110 545
221.tif 3 1.0 526 291 509 327 281 216 298 180
191.tif 2 1.0 1025 914 1006 935 920 856 939 835
191.tif 2 1.0 788 692 768 715 683 637 704 614
191.tif 2 1.0 882 775 861 799 775 722 795 699
191.tif 2 0.08 182 598 142 638 2 503 42 462
191.tif 5 0.99 184 595 144 638 -3 501 35 458
193.tif 2 1.0 180 681 144 660 304 387 340 409
193.tif 2 1.0 486 926 451 906 610 624 645 644
193.tif 2 1.0 78 638 42 618 198 340 234 360
193.tif 2 1.0 42 619 6 600 160 318 196 337
193.tif 2 1.0 244 726 210 706 375 431 409 451
193.tif 2 1.0 50 1019 32 1011 73 912 92 920
193.tif 2 1.0 527 948 487 926 653 626 693 648
193.tif 2 1.0 215 704 179 684 339 407 374 428
193.tif 2 1.0 112 659 77 640 235 359 270 379
193.tif 2 1.0 420 893 371 866 540 560 589 587
193.tif 2 1.0 68 1018 53 1011 86 935 101 941
193.tif 2 1.0 100 1032 81 1024 121 930 140 938
193.tif 2 0.37 287 693 270 683 322 598 339 609
193.tif 4 0.24 285 695 268 684 320 600 337 611
193.tif 4 0.07 355 998 347 1007 321 985 328 976
193.tif 5 0.99 354 999 348 1006 322 983 328 976
193.tif 5 0.68 284 695 269 685 323 600 338 609
165.tif 4 1.0 101 650 93 666 18 629 26 612
137.tif 3 1.0 805 545 712 498 994 -54 1087 -6
7.tif 4 1.0 957 403 936 392 974 317 994 327
7.tif 4 0.05 854 613 833 602 872 527 893 537
7.tif 5 1.0 899 524 878 514 912 441 933 451
7.tif 5 1.0 855 615 833 604 871 527 892 538
30.tif 4 1.0 756 623 718 624 716 463 755 462
9.tif 2 0.06 209 113 162 83 228 -20 275 8
9.tif 3 0.87 208 113 161 83 228 -22 275 7
9.tif 4 0.38 208 115 161 87 229 -23 275 5
9.tif 5 1.0 466 161 418 133 487 13 535 41
9.tif 5 1.0 66 360 18 332 92 203 141 231
9.tif 5 1.0 123 355 82 330 121 266 162 290
9.tif 5 0.59 209 115 161 85 229 -25 277 4
21.tif 3 1.0 471 983 413 985 402 637 460 635
21.tif 3 1.0 327 490 324 532 78 510 81 469
218.tif 1 0.1 603 719 428 720 424 1 598 0
218.tif 2 0.05 591 715 435 717 426 11 581 9
218.tif 3 1.0 577 751 438 753 428 29 568 27
218.tif 3 0.07 1026 1032 983 1032 986 830 1029 831
100.tif 2 0.94 503 307 480 353 155 190 178 144
100.tif 3 0.81 508 318 483 364 136 172 162 126
100.tif 4 1.0 715 438 690 429 719 348 744 356
98.tif 2 1.0 687 451 674 418 859 348 871 380
98.tif 4 1.0 124 869 98 889 8 770 34 750
98.tif 4 1.0 246 626 239 603 362 566 369 589
98.tif 4 1.0 227 609 219 587 343 544 351 566
98.tif 4 1.0 502 594 478 604 433 496 458 486
98.tif 4 1.0 115 810 98 825 7 724 24 709
98.tif 4 1.0 58 723 32 728 14 643 39 637
98.tif 4 1.0 955 667 935 649 1014 557 1035 575
98.tif 4 1.0 73 855 53 870 -17 773 2 758
98.tif 4 0.93 85 759 77 766 54 740 62 734
98.tif 4 0.84 22 740 15 745 1 726 9 721
98.tif 4 0.83 326 551 318 545 329 528 338 534
98.tif 4 0.1 807 368 796 339 924 285 936 314
98.tif 4 0.08 509 522 495 530 471 484 485 477
98.tif 5 1.0 885 595 828 544 1012 338 1069 389
98.tif 5 0.99 806 370 794 340 925 285 938 315
98.tif 5 0.99 509 523 496 530 470 483 483 476
156.tif 4 0.22 59 47 55 37 81 25 86 35
156.tif 5 1.0 119 133 94 145 58 69 82 57
156.tif 5 1.0 59 70 49 50 98 25 108 45
156.tif 5 1.0 154 114 139 120 113 60 128 54
156.tif 5 1.0 142 122 117 133 82 55 108 44
156.tif 5 1.0 53 21 50 11 85 0 88 8
156.tif 5 0.07 81 116 74 120 61 95 69 91
236.tif 1 0.68 1057 884 700 917 625 86 982 54
236.tif 4 1.0 272 708 251 717 201 605 221 596
236.tif 4 0.14 448 533 432 536 425 497 441 494
71.tif 2 1.0 446 23 438 69 91 7 99 -37
71.tif 2 1.0 301 942 290 985 86 932 97 889
71.tif 2 0.18 586 514 578 459 962 399 970 455
71.tif 5 0.97 458 1004 449 1036 356 1009 365 977
42.tif 4 1.0 671 914 654 891 786 795 803 818
223.tif 3 1.0 815 691 808 630 1023 604 1030 665
223.tif 4 1.0 590 1001 585 979 668 959 673 981
223.tif 4 1.0 913 929 887 937 857 840 883 831
223.tif 4 0.99 630 1035 623 1013 707 988 714 1009
223.tif 5 1.0 543 954 535 887 748 863 756 930
223.tif 5 1.0 998 1021 950 1041 924 978 972 958
223.tif 5 0.2 819 690 812 628 1024 605 1031 668
28.tif 4 0.26 690 238 684 226 713 210 719 222
28.tif 5 1.0 736 327 681 248 873 116 927 196
28.tif 5 1.0 822 291 809 272 864 233 877 251
28.tif 5 0.59 692 236 686 226 711 211 717 220
113.tif 2 1.0 737 455 719 444 821 273 838 284
113.tif 4 1.0 449 490 432 519 360 476 376 448
113.tif 4 1.0 978 507 960 497 1005 417 1023 427
113.tif 4 1.0 479 550 458 538 508 449 529 461
17.tif 4 1.0 52 796 42 763 200 719 210 753
148.tif 3 0.13 997 924 959 946 855 758 893 737
148.tif 4 1.0 600 193 576 205 501 62 526 49
148.tif 4 1.0 999 932 963 952 856 756 892 736
148.tif 4 0.1 715 408 697 416 661 346 679 337
148.tif 5 0.97 713 407 696 416 662 346 679 337
197.tif 4 1.0 616 901 586 864 754 728 784 765
197.tif 5 1.0 771 318 697 289 772 104 846 133
177.tif 4 1.0 613 391 586 370 676 252 703 272
80.tif 3 1.0 849 324 832 350 637 219 655 193
80.tif 4 1.0 657 341 645 357 589 317 601 301
80.tif 4 1.0 580 428 566 437 533 384 547 375
80.tif 4 1.0 120 822 93 798 198 679 226 703
80.tif 4 1.0 673 304 666 320 601 290 608 274
80.tif 4 1.0 596 402 586 410 549 366 559 358
195.tif 4 1.0 827 497 815 516 749 475 761 456
195.tif 4 1.0 715 670 704 690 635 650 646 630
195.tif 4 1.0 498 454 481 442 519 386 536 397
195.tif 4 1.0 771 586 760 605 695 566 707 546
195.tif 4 1.0 397 607 381 596 420 537 436 548
195.tif 4 1.0 446 539 426 526 471 457 491 471
214.tif 3 0.23 414 96 369 92 378 0 423 5
214.tif 4 0.99 416 94 371 91 378 -1 423 2
214.tif 4 0.99 976 38 955 37 957 0 978 1
214.tif 4 0.99 998 38 978 38 978 0 998 0
167.tif 3 1.0 89 1099 -9 1015 375 561 474 645
132.tif 1 1.0 806 552 687 689 78 161 197 25
132.tif 2 1.0 347 827 311 859 106 625 143 593
132.tif 2 1.0 748 699 721 683 789 569 815 585
132.tif 2 1.0 504 1022 479 1045 362 918 387 895
132.tif 2 0.09 797 568 681 690 93 135 209 12
132.tif 4 1.0 653 665 625 640 738 519 765 545
132.tif 4 0.77 732 922 730 934 696 929 698 917
132.tif 4 0.07 689 814 667 813 671 733 692 734
132.tif 5 1.0 721 965 709 963 716 933 728 936
132.tif 5 1.0 705 986 695 984 699 963 709 966
132.tif 5 0.99 710 962 697 960 702 931 715 933
132.tif 5 0.99 690 812 667 811 669 731 692 732
132.tif 5 0.99 714 988 704 986 709 966 718 968
132.tif 5 0.99 707 1016 698 1014 702 992 711 993
132.tif 5 0.99 698 1013 687 1011 691 989 702 991
132.tif 5 0.99 691 985 680 980 689 959 700 964
132.tif 5 0.92 686 1009 676 1007 681 986 691 989
132.tif 5 0.81 741 962 733 960 738 941 745 943
132.tif 5 0.73 390 901 362 926 308 868 336 843
226.tif 4 1.0 900 487 888 514 734 442 746 415
192.tif 2 1.0 675 832 636 805 825 528 865 555
192.tif 4 1.0 994 675 979 667 1003 621 1018 629
192.tif 4 1.0 766 876 746 861 811 773 830 788
192.tif 4 1.0 843 124 826 125 822 70 839 69
192.tif 5 0.61 8 151 0 145 15 119 24 124
87.tif 3 1.0 174 832 137 818 219 594 257 608
87.tif 3 1.0 59 826 19 815 84 584 124 595
87.tif 3 1.0 233 838 194 823 280 598 319 613
87.tif 4 1.0 888 946 885 962 798 947 801 931
87.tif 4 1.0 362 603 346 601 352 544 368 546
87.tif 4 1.0 545 870 538 900 376 866 382 836
87.tif 4 1.0 704 910 700 930 579 907 583 887
87.tif 4 0.93 1030 471 1021 499 938 473 947 445
87.tif 4 0.07 235 836 194 820 279 599 320 615
87.tif 4 0.05 295 878 281 877 285 824 298 825
87.tif 5 0.94 294 878 282 877 284 821 297 821
175.tif 4 1.0 508 691 485 682 534 549 558 558
45.tif 3 1.0 0 854 -58 780 262 531 319 605
208.tif 5 1.0 654 712 611 731 566 628 609 609
208.tif 5 1.0 1002 587 921 585 924 376 1005 377
208.tif 5 1.0 745 347 679 349 675 173 741 171
105.tif 3 1.0 822 966 824 1015 528 1022 527 973
105.tif 5 1.0 143 85 142 105 73 103 73 83
227.tif 4 1.0 392 207 370 252 141 140 163 96
233.tif 4 1.0 808 616 802 650 689 632 695 597
126.tif 3 1.0 525 864 486 833 680 588 719 619
126.tif 4 1.0 922 226 919 194 1015 187 1017 219
114.tif 2 1.0 414 929 378 908 520 672 555 693
114.tif 2 1.0 359 406 322 385 457 148 493 169
114.tif 2 1.0 486 608 455 589 620 319 651 338
114.tif 2 1.0 322 883 286 862 434 610 471 632
114.tif 2 1.0 570 660 540 641 710 373 740 392
114.tif 2 1.0 529 985 479 954 673 631 724 661
114.tif 2 1.0 1018 711 998 743 770 602 789 570
88.tif 2 1.0 613 434 563 437 548 181 599 178
88.tif 2 0.6 850 433 827 432 832 333 855 334
88.tif 2 0.1 137 367 118 373 84 266 103 260
88.tif 3 1.0 240 367 193 368 190 93 237 92
88.tif 3 0.99 1027 432 1023 466 929 456 932 422
88.tif 3 0.06 616 434 566 438 546 188 597 184
88.tif 4 1.0 331 390 305 390 307 260 333 261
88.tif 4 1.0 686 450 650 450 648 299 684 298
88.tif 4 1.0 738 452 701 448 720 254 756 258
88.tif 4 1.0 184 382 145 395 82 203 122 190
88.tif 4 1.0 389 402 356 401 361 249 394 250
88.tif 4 0.99 850 432 829 431 832 336 854 336
88.tif 4 0.06 138 366 118 373 84 266 103 259
88.tif 4 0.06 240 372 195 373 193 91 237 91
88.tif 5 0.99 83 419 31 438 -2 345 49 326
88.tif 5 0.23 138 367 119 373 84 266 103 260
33.tif 4 1.0 396 368 382 352 480 267 494 284
48.tif 4 1.0 737 568 719 550 828 446 846 465
206.tif 4 0.11 964 552 931 577 851 474 884 449
206.tif 5 1.0 964 555 930 579 854 474 888 450
247.tif 3 0.9 494 1019 461 1030 404 857 438 846
247.tif 4 0.44 498 1026 465 1037 403 862 435 850
140.tif 4 1.0 731 866 711 848 812 742 832 760
36.tif 4 1.0 85 651 68 662 -1 557 15 546
90.tif 3 1.0 388 525 359 489 569 313 599 348
90.tif 3 1.0 640 342 595 288 910 27 955 81
90.tif 3 1.0 995 965 972 1007 695 855 718 813
90.tif 5 1.0 251 611 239 596 293 553 305 567
147.tif 4 1.0 347 333 332 315 394 263 410 282
8.tif 4 1.0 112 948 89 953 55 813 78 808
83.tif 2 1.0 778 525 735 512 837 159 880 171
83.tif 2 1.0 575 419 521 399 645 67 699 87
83.tif 2 0.58 607 109 584 99 635 -9 658 1
83.tif 3 1.0 1 401 -39 385 66 115 107 131
83.tif 4 1.0 403 74 383 80 358 2 378 -3
83.tif 4 1.0 588 89 561 75 606 -11 633 1
83.tif 4 0.95 604 109 582 98 637 -9 659 1
83.tif 4 0.9 1040 176 1019 182 997 106 1018 100
83.tif 5 0.77 1010 92 998 96 984 55 996 51
15.tif 4 1.0 173 659 157 645 215 582 231 597
15.tif 4 1.0 39 808 24 794 82 728 98 741
67.tif 2 1.0 610 344 571 345 566 104 605 103
67.tif 2 1.0 622 684 582 686 571 437 611 436
67.tif 2 1.0 649 1019 610 1021 602 901 641 898
67.tif 3 0.4 646 1020 611 1022 603 895 638 893
67.tif 3 0.14 540 910 505 910 504 762 538 761
67.tif 4 1.0 539 912 505 912 505 761 539 761
67.tif 4 0.14 194 615 195 626 164 627 164 616
215.tif 3 1.0 850 906 801 914 760 644 809 637
124.tif 2 1.0 198 875 171 890 59 687 86 672
124.tif 2 0.99 45 618 35 631 -8 596 1 583
124.tif 4 1.0 438 97 428 113 359 70 369 54
109.tif 2 1.0 278 601 264 577 485 453 499 478
109.tif 2 1.0 287 625 274 601 502 477 515 501
109.tif 2 1.0 0 713 -20 676 126 595 146 631
109.tif 2 1.0 304 647 292 625 511 502 523 524
109.tif 2 1.0 322 671 309 648 519 523 532 545
109.tif 2 0.99 824 1051 808 1022 945 947 961 975
109.tif 4 0.26 344 533 333 514 390 483 400 502
109.tif 5 0.98 85 599 63 613 31 561 53 547
109.tif 5 0.95 340 535 330 517 390 484 400 502
109.tif 5 0.75 415 648 399 624 493 564 508 588
141.tif 2 1.0 410 134 393 120 461 34 478 48
141.tif 4 1.0 276 64 260 85 194 35 210 14
151.tif 4 1.0 992 635 953 654 838 427 877 407
210.tif 4 1.0 903 998 891 990 917 949 929 957
210.tif 4 0.51 400 727 395 717 419 702 425 711
210.tif 4 0.42 418 737 413 728 430 717 436 726
210.tif 4 0.31 375 821 369 831 335 810 341 801
210.tif 4 0.09 232 880 221 875 235 841 247 846
210.tif 5 1.0 816 994 783 977 839 865 872 881
210.tif 5 1.0 891 992 866 975 916 897 941 913
249.tif 4 0.84 715 964 707 956 724 940 732 948
249.tif 4 0.23 632 1016 619 1005 668 947 681 959
249.tif 5 1.0 632 1016 619 1004 668 947 681 958
72.tif 2 1.0 378 920 268 923 254 388 365 385
72.tif 2 1.0 490 721 490 692 631 691 631 720
72.tif 2 0.05 999 369 997 433 745 423 748 359
72.tif 3 0.14 487 718 488 690 632 692 632 720
72.tif 4 1.0 165 1021 138 1025 134 994 161 991
72.tif 5 0.11 634 693 634 721 477 719 477 691
72.tif 5 0.05 140 1026 135 996 161 992 166 1021
225.tif 4 1.0 456 1012 436 1056 247 967 268 923
1.tif 4 1.0 894 134 892 157 785 148 788 125
1.tif 4 1.0 736 122 734 146 633 137 635 114
1.tif 4 1.0 597 104 595 135 443 126 444 95
170.tif 3 1.0 335 663 286 609 563 360 612 414
93.tif 2 1.0 38 459 24 440 127 367 141 386
173.tif 3 1.0 782 1019 688 1046 527 478 621 451
173.tif 4 1.0 15 864 1 844 67 797 81 816
101.tif 2 0.94 503 819 480 865 155 702 178 656
101.tif 3 0.81 508 830 483 876 136 684 162 638
101.tif 4 1.0 715 950 690 941 719 860 744 868
176.tif 3 1.0 974 704 929 731 762 450 808 423
176.tif 4 1.0 745 403 720 416 667 320 692 306
176.tif 4 0.69 772 78 764 83 751 62 759 57
176.tif 4 0.67 779 71 771 75 760 56 767 51
176.tif 4 0.65 765 85 757 90 742 66 751 61
176.tif 4 0.54 909 84 898 90 884 67 895 61
176.tif 4 0.51 820 133 812 140 796 119 805 113
176.tif 4 0.51 898 89 887 96 873 75 884 68
176.tif 4 0.49 868 106 859 112 843 90 853 83
176.tif 4 0.47 879 101 869 107 854 84 864 77
176.tif 4 0.46 812 140 803 147 787 126 796 119
176.tif 4 0.46 936 64 928 68 916 48 924 43
176.tif 4 0.45 784 159 774 165 760 142 770 136
176.tif 4 0.43 837 128 828 132 815 106 824 102
176.tif 4 0.43 931 72 922 77 907 54 915 49
176.tif 4 0.42 745 50 737 55 725 35 734 30
176.tif 4 0.37 828 132 821 137 806 112 814 108
176.tif 4 0.35 755 46 748 51 736 33 744 28
176.tif 4 0.35 789 66 780 71 767 50 777 44
176.tif 4 0.3 802 147 793 154 775 131 785 124
176.tif 4 0.3 762 40 754 44 744 27 751 23
176.tif 4 0.28 808 52 797 58 786 36 797 30
176.tif 4 0.27 920 77 911 83 895 60 904 54
176.tif 4 0.27 945 61 935 65 924 40 933 36
176.tif 4 0.24 956 54 946 60 934 36 944 31
176.tif 4 0.22 851 24 844 29 831 12 839 7
176.tif 4 0.2 858 116 848 121 834 95 844 90
176.tif 4 0.14 845 121 836 126 824 101 833 97
176.tif 4 0.12 843 31 834 38 820 19 828 12
176.tif 4 0.12 789 23 781 29 767 12 776 6
176.tif 4 0.1 1011 25 1003 31 988 8 996 2
176.tif 4 0.06 770 37 761 41 752 22 760 18
176.tif 5 0.14 761 38 754 42 744 27 751 22
176.tif 5 0.09 768 36 761 40 752 22 759 18
49.tif 2 1.0 675 502 658 488 721 414 738 428
49.tif 2 1.0 603 438 592 455 530 417 540 400
49.tif 2 0.82 531 394 521 410 451 368 460 352
49.tif 2 0.4 258 245 237 240 278 84 299 89
49.tif 3 0.15 259 243 232 236 278 81 304 88
49.tif 4 1.0 623 710 593 695 656 572 686 587
49.tif 4 1.0 702 705 679 691 729 603 753 616
49.tif 4 0.94 262 243 238 237 275 85 299 91
49.tif 4 0.93 685 547 669 538 686 508 702 516
49.tif 4 0.82 531 396 521 411 451 367 461 352
49.tif 4 0.41 602 439 592 455 529 415 539 399
49.tif 5 0.12 263 240 238 233 275 84 300 90
68.tif 1 0.07 110 891 78 927 -33 828 -2 792
68.tif 2 1.0 440 276 441 218 840 221 839 279
68.tif 2 1.0 829 466 828 511 488 506 489 461
68.tif 2 0.83 111 892 80 927 -31 829 0 794
68.tif 2 0.08 542 1022 518 1022 514 923 538 922
68.tif 3 0.05 266 449 261 516 14 495 19 428
68.tif 4 1.0 260 201 260 229 138 227 138 199
68.tif 4 0.73 515 848 490 847 492 765 518 766
68.tif 4 0.15 540 847 516 846 519 775 543 777
68.tif 4 0.1 587 912 574 910 580 872 593 875
68.tif 4 0.05 542 1023 518 1024 514 922 538 921
68.tif 5 1.0 556 686 530 683 536 624 561 627
68.tif 5 1.0 516 1013 490 1013 488 943 514 942
68.tif 5 1.0 540 847 515 846 519 774 544 776
68.tif 5 1.0 267 436 265 506 10 500 12 430
68.tif 5 0.99 541 1022 519 1023 515 921 538 921
68.tif 5 0.98 515 844 489 843 491 765 517 765
168.tif 4 1.0 843 679 824 659 935 555 954 575
37.tif 4 0.99 288 703 281 691 331 659 339 671
37.tif 4 0.54 262 766 251 773 234 748 245 741
37.tif 4 0.43 463 620 456 612 481 594 487 602
37.tif 5 0.98 457 608 438 578 504 537 522 567
37.tif 5 0.68 463 618 457 610 480 593 486 601
37.tif 5 0.61 441 572 431 555 486 522 496 539
37.tif 5 0.47 273 786 240 736 330 677 363 726
37.tif 5 0.29 292 702 284 690 331 659 339 671
212.tif 2 0.07 735 686 731 664 796 652 800 674
212.tif 5 1.0 734 689 728 667 796 651 801 672
198.tif 3 1.0 958 473 886 455 993 22 1065 40
172.tif 3 0.16 711 717 676 678 850 523 885 562
172.tif 4 1.0 703 722 668 681 849 524 885 564
129.tif 2 1.0 716 892 700 905 580 761 596 747
129.tif 5 0.98 668 869 629 899 563 814 602 784
129.tif 5 0.79 972 349 962 324 1020 301 1029 326
213.tif 4 0.13 189 678 185 655 260 641 264 664
213.tif 5 1.0 105 717 101 691 181 678 185 704
213.tif 5 1.0 34 738 24 687 91 675 100 726
213.tif 5 1.0 103 693 99 671 175 656 180 678
213.tif 5 1.0 184 679 180 655 260 641 265 665
213.tif 5 1.0 423 976 394 990 358 917 387 902
213.tif 5 0.99 325 777 311 784 289 737 303 730
213.tif 5 0.99 448 962 420 975 391 912 418 899
238.tif 3 1.0 358 942 336 872 742 745 764 814
238.tif 4 1.0 44 1050 33 1016 248 943 260 977
181.tif 4 1.0 803 542 779 555 727 462 751 448
154.tif 4 1.0 752 337 731 340 722 269 743 266
154.tif 4 1.0 743 259 719 258 721 190 745 190
154.tif 4 1.0 682 50 667 52 663 18 678 17
154.tif 4 1.0 686 93 669 94 665 59 682 58
20.tif 4 1.0 290 843 270 829 314 762 334 775
20.tif 4 1.0 396 957 378 943 428 876 446 889
20.tif 4 1.0 194 923 174 911 219 839 238 851
20.tif 4 1.0 221 942 202 930 249 861 267 873
20.tif 4 0.24 89 598 81 608 43 581 50 570
20.tif 4 0.07 195 725 186 718 207 691 216 698
20.tif 4 0.06 198 759 190 753 204 733 213 740
20.tif 5 0.99 214 736 205 729 224 702 233 708
20.tif 5 0.98 195 725 186 718 208 691 217 698
20.tif 5 0.97 90 596 83 607 42 578 49 568
20.tif 5 0.05 200 757 192 752 204 734 212 739
66.tif 4 1.0 571 49 557 65 504 17 518 1
66.tif 4 0.91 473 218 465 211 487 184 495 190
66.tif 4 0.21 477 225 470 218 493 193 501 200
66.tif 4 0.08 447 195 440 188 463 168 470 175
66.tif 5 0.32 473 216 466 210 487 184 494 190
16.tif 4 1.0 76 584 68 547 286 502 294 539
259.tif 3 1.0 1005 286 974 297 911 101 942 91
259.tif 5 1.0 507 305 464 320 435 237 478 222
25.tif 3 1.0 471 269 440 211 788 23 819 81
25.tif 4 1.0 627 217 614 194 750 120 763 143
78.tif 3 1.0 19 960 -54 893 373 421 447 488
78.tif 3 1.0 461 433 395 374 733 0 799 59
161.tif 3 0.06 737 527 705 541 611 335 644 320
161.tif 4 1.0 583 80 562 90 520 1 541 -8
161.tif 4 1.0 736 524 701 539 613 334 647 319
139.tif 4 1.0 379 783 350 790 323 676 352 669
169.tif 4 1.0 331 679 312 659 423 555 442 575
86.tif 3 0.09 482 64 449 92 371 2 404 -26
86.tif 4 1.0 311 96 290 112 204 1 225 -14
86.tif 4 1.0 549 701 535 719 451 652 466 634
86.tif 4 1.0 574 671 557 687 490 617 507 600
86.tif 4 1.0 503 727 491 752 389 703 401 678
86.tif 4 0.95 88 136 79 127 106 100 115 109
86.tif 4 0.06 440 807 436 841 303 826 306 792
86.tif 5 1.0 227 1060 148 1022 251 804 330 842
86.tif 5 1.0 223 60 212 69 175 25 186 16
86.tif 5 1.0 438 805 434 840 302 827 306 791
86.tif 5 0.99 430 859 429 877 357 871 359 852
86.tif 5 0.81 461 768 453 786 388 758 397 739
86.tif 5 0.49 231 40 221 51 185 17 195 6
235.tif 3 1.0 672 444 658 503 301 422 314 363
54.tif 3 0.65 165 557 140 540 214 428 239 445
54.tif 3 0.41 469 327 442 321 458 248 485 255
54.tif 4 0.99 470 324 444 319 458 251 484 256
54.tif 4 0.19 128 122 130 140 78 147 76 128
54.tif 4 0.1 160 562 135 545 213 432 237 448
54.tif 5 1.0 410 141 364 111 434 5 480 35
54.tif 5 1.0 0 153 -17 90 126 52 143 115
54.tif 5 1.0 77 150 73 131 127 118 132 137
54.tif 5 0.98 265 418 227 395 269 327 307 350
54.tif 5 0.98 308 308 288 294 333 227 354 241
54.tif 5 0.97 329 312 312 300 344 257 360 269
54.tif 5 0.97 382 236 358 221 400 155 424 171
54.tif 5 0.95 2 321 -41 293 20 195 64 222
54.tif 5 0.95 438 146 417 131 460 68 482 83
54.tif 5 0.1 163 559 138 542 213 432 238 448
74.tif 2 1.0 892 1022 869 1031 834 942 858 933
74.tif 2 1.0 1048 854 1022 863 982 738 1008 730
74.tif 4 0.06 891 1021 870 1030 835 943 856 934
196.tif 2 1.0 808 630 797 640 694 521 705 512
196.tif 2 1.0 748 73 717 99 635 1 666 -23
196.tif 2 0.62 700 83 679 100 608 11 630 -5
196.tif 2 0.22 668 86 649 102 592 34 611 18
196.tif 5 1.0 733 345 716 327 761 283 778 300
196.tif 5 1.0 783 299 767 281 814 240 830 258
196.tif 5 0.75 667 83 648 100 592 35 611 19
196.tif 5 0.09 701 83 682 100 607 9 626 -6
2.tif 2 1.0 858 1022 811 1034 747 786 794 774
2.tif 2 1.0 965 1025 921 1036 845 732 889 721
2.tif 2 1.0 805 1024 762 1036 696 786 739 775
2.tif 2 0.97 744 973 719 979 696 886 722 880
2.tif 4 0.06 743 972 718 978 697 884 722 878
95.tif 2 0.97 1023 748 1019 795 784 774 788 727
95.tif 2 0.06 186 115 167 107 215 -5 235 2
95.tif 3 0.59 168 99 133 84 173 -11 209 3
95.tif 3 0.09 1019 746 1016 793 785 776 788 729
95.tif 4 0.99 166 92 137 79 176 -9 205 3
95.tif 4 0.91 1026 750 1022 796 784 771 789 725
95.tif 5 0.15 167 96 132 81 172 -12 207 1
95.tif 5 0.05 123 92 105 83 150 -8 168 0
146.tif 2 0.16 675 862 655 827 855 712 875 747
146.tif 3 0.05 674 862 654 826 858 712 878 747
146.tif 4 1.0 674 863 654 829 854 712 874 746
243.tif 4 1.0 541 63 530 85 381 8 393 -13
243.tif 4 1.0 926 349 907 340 932 284 951 293
243.tif 4 1.0 607 847 593 875 424 791 437 764
243.tif 5 1.0 874 460 849 448 886 371 910 383
144.tif 3 1.0 346 435 313 496 -22 310 10 250
18.tif 4 1.0 974 320 947 339 854 209 880 190
96.tif 2 0.97 1023 236 1019 283 784 262 788 215
96.tif 3 0.09 1019 234 1016 281 785 264 788 217
96.tif 4 0.91 1026 238 1022 284 784 259 789 213
258.tif 4 1.0 860 896 843 901 823 838 839 833
258.tif 4 1.0 690 787 675 786 677 758 692 759
258.tif 4 1.0 754 1018 753 1007 791 1002 792 1014
258.tif 4 0.95 772 731 772 741 750 741 749 731
258.tif 4 0.91 792 788 780 788 781 766 793 766
258.tif 4 0.91 700 1016 696 1004 722 996 726 1008
258.tif 4 0.49 576 779 568 778 572 754 580 755
258.tif 4 0.47 552 921 541 921 539 902 550 901
258.tif 4 0.43 623 695 623 707 590 706 591 693
258.tif 4 0.3 607 781 597 780 600 749 610 750
258.tif 4 0.28 592 779 583 779 583 748 592 748
258.tif 4 0.21 779 781 770 780 772 762 781 763
258.tif 5 1.0 83 817 31 818 29 669 81 668
258.tif 5 1.0 516 927 479 926 480 851 517 852
258.tif 5 1.0 541 919 515 919 515 853 541 853
258.tif 5 0.99 698 1036 692 1016 747 1000 753 1021
258.tif 5 0.99 851 1031 846 1014 893 1000 898 1017
258.tif 5 0.97 493 846 483 847 481 802 491 801
258.tif 5 0.06 750 740 750 731 773 730 773 740
35.tif 4 1.0 598 652 581 663 510 557 527 546
245.tif 2 1.0 779 473 732 479 693 150 740 145
245.tif 2 1.0 188 853 175 871 24 757 37 739
245.tif 2 1.0 991 211 949 216 928 51 971 46
245.tif 2 0.34 23 652 1 654 -4 576 17 574
245.tif 2 0.09 174 526 158 535 109 452 125 442
245.tif 3 1.0 199 775 176 806 42 710 64 679
245.tif 4 1.0 199 510 184 519 134 433 149 424
245.tif 4 1.0 175 527 159 536 109 450 126 441
245.tif 4 0.71 21 651 1 653 -4 578 15 577
245.tif 4 0.11 492 752 485 741 511 725 518 736
245.tif 4 0.07 987 205 947 209 932 52 971 48
245.tif 4 0.05 201 778 179 808 39 706 61 676
245.tif 5 0.11 22 650 0 652 -6 579 15 577
246.tif 2 1.0 267 473 220 479 181 150 228 145
246.tif 2 1.0 479 211 437 217 416 52 457 47
246.tif 4 0.08 475 206 435 210 420 51 460 47
117.tif 1 0.19 860 267 785 277 750 -1 825 -10
117.tif 2 0.08 860 268 787 278 749 0 823 -10
117.tif 3 0.96 860 268 787 278 749 -2 822 -12
117.tif 4 1.0 863 420 846 425 834 382 851 377
117.tif 4 0.64 716 316 695 315 696 295 717 296
117.tif 5 0.44 860 269 786 278 752 -9 826 -18
12.tif 4 1.0 100 308 85 315 36 221 51 213
12.tif 4 1.0 501 807 490 788 611 722 621 741
119.tif 1 1.0 23 829 -17 760 375 527 416 596
190.tif 4 1.0 905 647 886 635 923 575 942 587
190.tif 4 1.0 414 536 402 554 342 515 353 498
190.tif 4 1.0 633 717 613 703 661 634 681 648
190.tif 4 1.0 480 434 468 453 401 410 413 392
190.tif 4 1.0 504 398 491 419 424 377 437 356
190.tif 4 1.0 847 733 830 722 868 664 885 675
190.tif 4 1.0 637 805 629 816 588 784 596 774
190.tif 4 0.99 160 175 154 164 178 151 184 163
104.tif 3 1.0 145 876 117 856 283 630 312 651
104.tif 4 1.0 343 444 330 428 396 373 409 390
104.tif 4 0.82 792 330 777 304 831 271 847 296
145.tif 4 1.0 336 610 316 576 530 452 550 486
19.tif 3 0.13 1051 378 1018 395 928 219 962 202
19.tif 4 1.0 1054 380 1023 397 928 223 960 206
171.tif 4 1.0 267 828 255 860 53 783 65 751
75.tif 3 0.07 741 302 686 284 754 73 810 91
75.tif 4 1.0 804 406 778 400 792 337 819 343
75.tif 4 1.0 744 303 687 287 749 66 807 82
75.tif 5 0.13 740 300 684 281 755 76 811 95
64.tif 4 0.93 379 41 369 48 351 21 361 15
64.tif 4 0.07 362 49 353 56 327 28 335 20
64.tif 5 1.0 114 182 88 145 192 72 218 109
64.tif 5 1.0 65 233 29 237 19 153 55 149
64.tif 5 1.0 140 222 111 183 215 107 243 147
64.tif 5 1.0 28 236 1 238 -5 160 21 157
64.tif 5 1.0 76 230 65 231 62 201 74 200
64.tif 5 0.98 361 49 353 56 326 26 335 19
64.tif 5 0.05 376 40 369 45 352 22 359 17
50.tif 4 1.0 745 623 730 606 836 515 851 533
63.tif 2 1.0 63 996 27 962 232 750 267 784
63.tif 2 1.0 134 956 115 937 219 835 238 854
63.tif 2 1.0 152 970 137 955 227 863 242 878
94.tif 2 1.0 292 538 245 528 323 171 369 181
94.tif 2 1.0 155 501 106 486 216 128 265 143
94.tif 2 1.0 228 524 177 512 260 154 311 166
94.tif 2 1.0 41 436 -6 409 168 98 216 125
94.tif 2 0.99 395 445 357 439 390 202 427 207
94.tif 2 0.99 444 554 398 548 440 219 486 225
94.tif 2 0.72 689 186 667 176 721 56 743 66
94.tif 2 0.17 114 174 91 163 139 63 162 74
94.tif 2 0.14 793 165 775 159 800 89 818 96
94.tif 3 0.42 449 539 402 534 438 224 484 229
94.tif 3 0.3 43 435 -5 407 164 97 214 124
94.tif 3 0.16 394 440 356 434 392 197 430 203
94.tif 3 0.07 235 526 178 514 256 143 313 155
94.tif 4 1.0 772 270 746 258 791 163 817 175
94.tif 4 1.0 526 200 502 208 473 113 496 106
94.tif 4 1.0 62 95 38 82 88 -12 112 0
94.tif 4 0.99 99 70 81 56 122 2 140 16
94.tif 4 0.99 793 166 775 159 799 89 817 95
94.tif 4 0.98 114 173 92 163 141 61 162 72
94.tif 4 0.96 689 185 666 175 721 57 743 68
94.tif 4 0.35 833 151 820 146 835 97 848 101
94.tif 4 0.13 464 44 453 48 441 5 452 2
94.tif 4 0.13 394 442 355 436 392 197 430 203
94.tif 4 0.08 479 40 466 45 451 3 464 0
94.tif 5 0.81 834 152 820 148 835 96 849 101
94.tif 5 0.46 476 39 464 43 450 1 463 -2
94.tif 5 0.36 793 164 775 158 800 88 817 95
94.tif 5 0.21 465 41 454 45 441 4 452 0
94.tif 5 0.14 819 149 800 143 816 93 834 98
94.tif 5 0.11 98 68 82 55 122 5 138 18
57.tif 3 1.0 834 756 781 780 625 441 679 417
3.tif 1 0.97 478 630 415 708 0 373 62 295
3.tif 2 0.06 475 631 418 702 7 376 64 304
3.tif 3 0.12 480 638 419 712 -10 360 51 286
180.tif 2 1.0 346 302 308 322 147 20 185 0
180.tif 2 0.16 286 1026 176 1055 117 830 227 801
180.tif 3 0.06 251 1030 165 1033 157 808 243 805
180.tif 5 1.0 603 613 578 568 687 510 711 555
180.tif 5 0.87 291 1026 178 1061 108 839 221 804
14.tif 4 1.0 348 788 336 763 439 712 451 736
14.tif 4 1.0 976 432 966 414 1022 384 1031 403
39.tif 4 1.0 618 891 599 875 686 773 705 789
250.tif 5 1.0 171 47 166 73 55 53 60 27
250.tif 5 1.0 332 307 318 307 317 275 330 274
250.tif 5 1.0 299 669 292 673 274 648 281 643
250.tif 5 0.99 105 62 103 81 58 76 60 57
61.tif 4 1.0 19 724 -4 700 125 574 148 598
106.tif 3 1.0 313 490 306 542 19 505 25 454
106.tif 4 1.0 867 750 837 772 714 609 744 587
91.tif 3 1.0 309 370 260 311 613 19 662 79
91.tif 3 1.0 110 482 87 455 226 340 248 367
91.tif 4 1.0 695 147 679 163 627 111 643 95
91.tif 4 1.0 418 365 401 380 360 333 377 318
10.tif 3 0.97 1062 772 1027 807 860 638 895 603
10.tif 4 0.06 937 633 930 639 917 624 923 618
10.tif 5 1.0 235 336 200 369 67 232 102 199
76.tif 4 1.0 117 129 109 163 -6 137 1 102
76.tif 4 1.0 334 204 323 239 128 176 139 141
76.tif 4 0.97 498 250 487 248 490 228 502 230
76.tif 4 0.96 561 223 551 223 550 198 561 197
76.tif 4 0.95 591 224 583 225 581 207 589 206
76.tif 4 0.95 502 210 489 208 491 187 504 188
76.tif 4 0.94 498 272 487 272 488 249 499 249
76.tif 4 0.94 630 189 628 197 602 191 604 183
76.tif 4 0.91 594 253 584 253 582 229 593 229
76.tif 4 0.91 573 222 564 223 562 196 571 195
76.tif 4 0.85 627 231 619 233 616 209 624 208
76.tif 4 0.85 530 181 529 192 509 190 510 179
76.tif 4 0.85 536 171 534 180 510 175 511 167
76.tif 4 0.84 608 249 598 251 595 229 605 227
76.tif 4 0.83 544 161 542 170 521 166 523 158
76.tif 4 0.61 604 222 595 222 594 205 603 204
76.tif 4 0.56 630 183 627 189 609 181 612 174
76.tif 4 0.33 471 208 455 205 459 184 475 187
76.tif 4 0.14 525 192 524 199 504 197 505 190
76.tif 5 1.0 440 235 428 234 432 179 445 180
76.tif 5 0.99 859 244 814 210 885 113 930 146
76.tif 5 0.1 604 222 596 222 595 204 603 204
34.tif 2 0.99 602 515 588 499 661 440 675 456
34.tif 4 0.15 600 517 586 500 663 439 676 456
73.tif 2 1.0 318 1034 275 1023 314 876 356 887
73.tif 2 1.0 475 1029 434 1025 445 903 486 907
73.tif 2 1.0 381 1027 331 1024 340 895 390 898
73.tif 2 1.0 630 132 589 117 637 -15 678 0
73.tif 2 0.11 1011 248 987 248 987 154 1011 154
73.tif 2 0.05 423 145 381 129 437 -15 479 0
73.tif 3 1.0 540 224 488 210 550 -13 603 1
73.tif 3 1.0 425 145 380 127 436 -15 481 2
73.tif 3 1.0 893 1049 839 1023 917 865 970 891
73.tif 3 0.3 628 132 590 118 638 -14 677 0
73.tif 4 1.0 919 384 901 383 903 311 922 311
73.tif 4 1.0 701 1037 660 1024 705 882 746 896
73.tif 4 1.0 1019 155 994 155 996 64 1021 65
73.tif 4 0.99 1006 377 980 378 979 284 1005 284
73.tif 4 0.98 1011 247 987 247 986 155 1010 155
73.tif 4 0.96 527 85 497 79 515 -5 545 0
73.tif 4 0.44 628 130 593 117 639 -13 675 0
73.tif 4 0.07 738 1026 711 1020 723 965 750 971
73.tif 5 0.64 959 393 917 390 926 221 968 223
73.tif 5 0.16 1003 376 979 376 981 282 1004 282
29.tif 3 1.0 0 991 -34 925 280 759 315 825
200.tif 2 1.0 717 189 700 175 773 79 791 92
200.tif 2 0.55 706 171 690 160 750 71 766 82
200.tif 4 1.0 617 416 584 392 661 290 694 315
200.tif 4 1.0 344 160 317 139 428 0 454 21
200.tif 4 0.14 718 189 699 175 773 78 791 93
200.tif 4 0.1 708 171 691 160 748 73 765 84
200.tif 4 0.1 478 1062 445 999 591 922 624 985
200.tif 5 1.0 834 845 780 785 927 652 981 711
200.tif 5 1.0 259 830 185 801 260 616 334 645
200.tif 5 0.99 708 169 693 159 749 73 764 84
200.tif 5 0.77 490 1072 444 1005 579 911 625 979
222.tif 3 1.0 239 490 178 512 47 148 108 127
222.tif 4 1.0 48 75 25 84 0 18 23 9
222.tif 4 1.0 400 1021 368 1032 314 873 345 862
22.tif 4 0.89 704 757 695 752 711 726 719 731
22.tif 4 0.29 809 767 802 763 813 746 820 751
22.tif 4 0.24 933 422 926 434 889 415 896 402
22.tif 4 0.07 1027 425 1010 458 891 399 907 365
22.tif 5 1.0 756 808 723 790 771 704 804 722
22.tif 5 1.0 1036 391 1020 423 920 373 936 341
22.tif 5 1.0 722 791 692 774 738 694 768 711
22.tif 5 1.0 1035 424 1021 457 892 400 906 367
22.tif 5 1.0 787 793 769 782 797 734 815 745
22.tif 5 0.98 933 422 926 434 890 414 897 402
22.tif 5 0.12 704 756 696 751 711 726 719 731
51.tif 4 1.0 535 301 528 275 689 228 696 254
159.tif 3 0.08 0 586 -17 537 87 501 104 550
159.tif 4 0.11 187 116 177 109 202 77 212 84
159.tif 4 0.07 125 213 104 205 117 172 138 180
159.tif 5 1.0 89 221 75 208 128 150 143 164
159.tif 5 1.0 189 115 179 108 200 78 210 85
159.tif 5 0.99 1 588 -17 540 84 502 102 550
159.tif 5 0.98 112 211 102 201 127 174 137 184
4.tif 4 1.0 718 373 706 394 632 353 644 332
4.tif 4 1.0 742 328 733 349 659 318 668 297
4.tif 4 1.0 772 285 762 306 687 270 697 249
4.tif 4 1.0 951 631 932 617 977 551 997 565
4.tif 4 0.99 1003 546 986 535 1020 484 1037 495
4.tif 5 0.06 952 631 932 618 977 551 996 564
248.tif 3 1.0 306 975 251 993 143 672 197 654
248.tif 3 1.0 1060 744 1011 761 908 465 957 448
77.tif 3 0.07 229 302 174 284 242 73 298 91
77.tif 4 1.0 292 406 266 400 280 337 307 343
77.tif 4 1.0 232 303 175 287 237 66 295 82
77.tif 5 0.13 228 300 172 281 243 76 299 95
179.tif 3 1.0 849 800 821 848 560 696 587 648
179.tif 3 0.75 108 338 77 387 -30 319 0 270
179.tif 3 0.07 583 716 544 781 191 565 231 501
179.tif 5 0.44 108 335 76 385 -34 315 -2 265
120.tif 2 1.0 690 176 663 149 778 37 804 64
120.tif 2 1.0 834 197 808 172 919 59 944 83
120.tif 4 0.97 1033 207 1021 218 989 183 1000 172
255.tif 3 1.0 6 972 -39 923 235 669 281 718
255.tif 3 1.0 458 550 414 502 722 220 766 269
13.tif 3 1.0 33 731 -26 663 301 379 361 448
203.tif 2 0.07 381 1067 312 1038 439 736 508 764
203.tif 2 0.06 314 1053 241 1023 359 740 432 770
203.tif 3 0.99 380 1061 311 1030 447 729 515 760
203.tif 3 0.99 306 1050 240 1021 357 752 423 781
31.tif 4 1.0 515 535 502 551 413 477 426 461
31.tif 4 1.0 977 441 965 430 1019 367 1031 377
31.tif 4 1.0 948 906 925 933 758 791 781 764
31.tif 4 1.0 229 234 198 248 107 49 139 35
216.tif 3 0.08 1074 454 1038 520 661 315 697 249
216.tif 4 1.0 720 346 708 366 644 327 656 307
216.tif 4 1.0 784 274 774 295 699 255 710 234
216.tif 4 1.0 805 980 799 997 746 979 752 961
216.tif 5 1.0 854 964 837 999 758 960 776 925
244.tif 2 1.0 715 177 697 195 604 102 621 84
244.tif 2 1.0 731 329 699 364 515 200 546 164
244.tif 4 1.0 964 118 949 132 906 88 921 74
244.tif 4 0.08 983 1024 982 1013 1008 1010 1009 1021
244.tif 4 0.06 956 885 954 875 984 868 986 878
130.tif 2 0.4 860 1001 839 984 938 868 959 886
130.tif 3 0.99 866 995 844 977 940 865 961 883
130.tif 4 1.0 661 963 653 973 608 938 616 928
130.tif 4 0.97 885 1021 876 1013 898 986 907 993
130.tif 4 0.81 930 973 918 964 940 937 952 946
130.tif 4 0.26 760 855 747 843 784 802 797 814
130.tif 4 0.11 693 941 678 930 707 891 722 901
130.tif 4 0.07 801 808 789 799 820 756 832 765
130.tif 4 0.06 868 992 847 974 939 867 960 885
130.tif 5 1.0 57 816 47 790 141 751 151 777
130.tif 5 1.0 729 897 713 885 746 842 762 854
130.tif 5 1.0 692 942 677 930 708 889 724 901
130.tif 5 1.0 762 854 747 841 783 802 798 816
130.tif 5 1.0 800 810 786 799 821 754 835 765
130.tif 5 0.05 930 970 920 963 939 938 948 946
135.tif 4 0.16 576 114 574 104 601 98 603 108
135.tif 5 0.99 982 920 969 910 995 877 1008 887
118.tif 2 0.18 204 278 180 275 194 162 218 165
118.tif 2 0.11 220 161 188 156 211 1 243 6
118.tif 3 0.07 119 1110 38 1023 396 689 477 776
118.tif 4 1.0 234 302 230 288 290 270 294 283
118.tif 4 1.0 213 384 209 369 266 354 270 369
118.tif 4 1.0 169 528 156 495 280 448 292 481
118.tif 4 1.0 201 282 178 279 195 161 218 165
118.tif 4 1.0 218 162 185 156 212 2 245 8
118.tif 5 1.0 372 542 367 528 403 515 408 529
118.tif 5 0.95 346 553 343 543 369 533 373 543
118.tif 5 0.05 221 153 189 149 211 3 243 7
260.tif 4 1.0 702 383 701 368 804 365 805 381
260.tif 4 1.0 327 403 312 401 318 356 333 358
260.tif 4 1.0 575 387 574 371 667 368 667 385
260.tif 4 0.06 809 262 809 247 883 246 883 262
260.tif 5 1.0 861 317 861 304 942 304 942 317
260.tif 5 1.0 801 263 800 247 885 245 885 262
260.tif 5 1.0 901 257 902 246 985 246 985 257
89.tif 2 0.06 953 115 898 117 893 2 948 0
89.tif 3 0.95 955 122 901 125 894 0 949 -2
89.tif 3 0.06 83 106 42 102 51 -3 92 0
89.tif 4 1.0 518 83 518 115 334 113 334 80
89.tif 4 1.0 862 119 838 119 838 53 863 54
89.tif 4 0.99 83 104 41 99 53 -2 95 2
89.tif 4 0.96 41 170 28 170 28 138 41 139
89.tif 4 0.95 28 113 14 117 5 83 19 79
89.tif 4 0.86 954 126 901 129 895 -3 948 -6
89.tif 4 0.84 640 152 629 151 632 129 642 130
89.tif 4 0.65 641 177 630 177 630 153 641 153
89.tif 4 0.43 31 139 22 139 22 119 32 119
89.tif 4 0.25 463 183 447 184 446 154 461 153
89.tif 4 0.24 564 100 553 106 543 83 554 78
89.tif 4 0.19 687 188 673 189 671 134 685 133
89.tif 4 0.18 996 113 978 112 981 52 998 52
89.tif 4 0.15 92 95 82 94 87 56 98 57
89.tif 4 0.1 580 138 565 137 565 83 581 83
89.tif 4 0.1 825 124 776 121 781 33 830 35
89.tif 4 0.06 20 172 3 170 8 109 26 110
89.tif 5 1.0 582 140 566 140 564 82 581 82
89.tif 5 0.98 22 169 5 169 6 114 23 114
89.tif 5 0.98 688 187 674 188 671 134 685 133
89.tif 5 0.97 996 112 978 112 979 52 997 52
89.tif 5 0.97 825 123 776 122 778 32 827 33
89.tif 5 0.06 32 139 23 139 23 119 32 119
187.tif 2 1.0 40 344 27 339 50 278 64 283
187.tif 2 1.0 17 331 3 325 26 268 41 274
187.tif 2 1.0 69 274 55 269 75 213 89 218
187.tif 2 0.99 1 224 -21 215 19 108 43 117
187.tif 3 0.13 778 147 738 127 808 -17 848 1
187.tif 4 0.92 891 309 883 314 871 292 879 287
187.tif 4 0.79 156 374 153 386 127 380 130 368
187.tif 4 0.44 755 403 746 391 766 375 775 386
187.tif 4 0.09 181 243 178 259 163 255 166 240
187.tif 4 0.09 885 325 872 333 855 303 868 296
187.tif 4 0.09 733 118 707 104 772 -14 799 0
187.tif 4 0.08 738 191 727 178 754 155 765 168
187.tif 4 0.06 456 497 428 485 455 416 483 427
187.tif 5 1.0 576 528 539 532 530 442 567 438
187.tif 5 1.0 431 474 410 466 432 407 454 416
187.tif 5 1.0 601 518 575 521 569 455 595 452
187.tif 5 0.99 779 146 739 126 814 -23 854 -3
187.tif 5 0.99 456 499 426 487 455 414 485 426
187.tif 5 0.99 111 335 96 329 118 265 133 270
187.tif 5 0.99 734 117 707 102 773 -16 800 -1
187.tif 5 0.99 884 327 869 335 851 304 866 295
187.tif 5 0.98 152 337 125 328 150 251 177 260
187.tif 5 0.98 739 188 729 176 753 157 763 170
187.tif 5 0.98 483 508 457 498 483 426 509 435
43.tif 4 1.0 1015 556 990 583 868 473 893 445
178.tif 4 1.0 360 809 335 847 137 718 162 679
152.tif 4 1.0 978 327 921 327 921 27 978 27
27.tif 4 1.0 142 965 126 954 172 891 187 902
107.tif 2 1.0 527 452 524 409 802 393 804 435
107.tif 2 1.0 293 698 271 733 28 581 50 546
107.tif 2 1.0 236 128 217 112 324 -12 343 3
107.tif 2 1.0 306 170 291 157 409 19 424 32
107.tif 5 0.99 940 415 938 393 1007 387 1009 408
115.tif 2 1.0 879 325 861 339 728 168 745 154
115.tif 2 1.0 57 660 27 641 197 373 227 392
115.tif 2 1.0 778 875 757 910 518 764 539 730
115.tif 2 1.0 0 564 -31 544 108 315 141 335
115.tif 2 1.0 503 709 483 741 256 600 276 568
115.tif 2 1.0 1015 1020 995 1054 784 931 804 897
115.tif 2 1.0 16 979 -34 948 163 629 214 661
79.tif 3 1.0 610 679 531 649 712 164 791 194
157.tif 4 1.0 384 136 376 110 482 76 490 102
70.tif 2 1.0 958 23 950 69 603 7 611 -37
70.tif 2 1.0 813 942 802 985 598 932 609 889
70.tif 3 0.06 819 944 807 986 596 929 608 887
70.tif 4 0.15 807 942 796 983 599 930 611 889
70.tif 5 0.97 970 1004 961 1036 867 1009 877 977
205.tif 2 1.0 555 53 554 4 916 0 917 47
204.tif 2 1.0 680 604 662 619 579 523 597 507
204.tif 2 1.0 778 721 761 736 691 652 708 638
204.tif 2 0.86 647 323 631 304 695 246 712 265
204.tif 2 0.31 570 388 553 369 619 312 636 332
204.tif 2 0.07 1020 253 993 261 976 198 1003 191
204.tif 4 0.78 574 453 567 460 546 442 552 434
204.tif 5 0.99 993 267 958 275 941 206 975 198
204.tif 5 0.98 1021 252 992 260 976 199 1004 192
204.tif 5 0.86 571 389 553 369 620 311 637 332
204.tif 5 0.62 646 324 629 306 696 244 712 262
204.tif 5 0.05 1024 246 1013 248 1009 216 1020 215
32.tif 4 1.0 391 720 391 747 280 745 280 718
32.tif 4 1.0 751 746 751 774 611 775 611 746
32.tif 4 1.0 391 749 390 778 278 775 279 746
32.tif 4 1.0 442 752 442 720 579 720 579 753
32.tif 4 1.0 800 786 798 747 924 741 926 780
69.tif 2 1.0 41 508 7 506 15 361 49 363
69.tif 2 0.18 71 1029 39 1028 43 760 75 760
69.tif 3 0.61 74 1029 41 1029 41 762 74 762
69.tif 4 1.0 373 55 361 52 371 13 383 16
69.tif 4 0.97 422 89 419 101 386 93 389 82
69.tif 4 0.06 302 110 298 129 251 117 256 99
69.tif 4 0.05 38 510 8 509 16 363 47 365
69.tif 5 1.0 127 109 120 134 51 115 58 91
69.tif 5 1.0 199 85 181 79 200 17 218 22
69.tif 5 1.0 125 84 119 106 52 90 57 67
69.tif 5 1.0 180 79 164 75 182 14 198 18
69.tif 5 1.0 303 110 299 130 251 118 256 99
84.tif 2 0.08 976 828 966 818 1006 781 1015 792
84.tif 3 1.0 936 1022 905 1052 799 941 831 912
84.tif 4 1.0 1010 906 990 929 902 855 922 832
84.tif 4 1.0 1026 886 1010 906 918 833 935 813
84.tif 4 1.0 966 949 949 971 858 898 875 876
84.tif 4 1.0 836 1023 821 1041 759 988 774 970
84.tif 5 1.0 952 819 940 808 987 758 998 769
84.tif 5 0.95 976 828 966 817 1006 781 1015 792
84.tif 5 0.87 970 816 960 808 995 769 1004 778
163.tif 4 1.0 943 943 937 964 863 941 870 919
231.tif 5 1.0 892 913 837 905 859 745 914 752
26.tif 4 1.0 107 257 74 271 -27 38 5 24
26.tif 4 0.23 141 407 132 412 120 387 129 382
26.tif 5 1.0 168 400 141 410 115 345 142 334
26.tif 5 0.9 141 405 131 409 120 386 129 381
134.tif 4 1.0 637 1024 629 1008 693 978 701 995
134.tif 4 1.0 946 165 934 145 1023 91 1035 111
82.tif 3 1.0 195 870 167 802 546 645 574 713
81.tif 3 1.0 87 740 21 716 140 388 207 412
128.tif 1 0.06 802 1049 765 1024 819 942 857 967
128.tif 2 0.07 806 1047 768 1025 820 937 857 959
128.tif 3 1.0 459 1055 410 1024 546 804 595 835
128.tif 3 0.4 802 1047 766 1023 821 941 857 965
128.tif 4 0.05 801 1048 765 1024 821 937 857 960
128.tif 5 0.12 804 1046 767 1023 819 942 856 965
128.tif 5 0.06 466 1048 417 1019 543 809 592 838
184.tif 5 1.0 90 613 66 568 175 510 199 555
184.tif 5 0.97 668 208 654 181 802 107 816 135
194.tif 4 1.0 229 532 208 519 252 449 273 462
194.tif 4 1.0 281 455 259 441 304 370 326 384
194.tif 4 1.0 111 715 90 702 134 631 156 644
194.tif 4 1.0 909 94 893 82 932 26 948 37
150.tif 4 1.0 292 368 263 383 188 240 217 225
150.tif 4 1.0 370 515 348 526 269 375 292 363
56.tif 4 1.0 64 694 42 668 208 524 230 549
230.tif 4 1.0 711 335 687 337 680 249 704 247
230.tif 4 0.29 293 574 248 549 332 395 377 420
230.tif 4 0.14 374 146 320 126 375 -19 429 1
230.tif 5 1.0 706 493 644 500 622 313 684 306
230.tif 5 1.0 375 151 318 130 374 -17 430 3
230.tif 5 0.99 294 574 247 549 330 395 377 420
59.tif 4 0.11 204 408 190 410 185 375 198 373
59.tif 4 0.06 75 541 72 526 107 520 110 534
59.tif 5 1.0 100 647 93 598 222 580 229 629
59.tif 5 1.0 123 550 116 503 209 489 216 536
59.tif 5 1.0 92 595 87 551 217 537 222 581
59.tif 5 1.0 85 267 76 293 13 271 22 245
59.tif 5 1.0 86 552 85 540 117 536 118 548
59.tif 5 0.99 204 407 192 409 187 374 198 372
59.tif 5 0.98 78 541 75 528 108 521 111 534
60.tif 3 0.17 316 1039 304 1015 357 989 368 1012
60.tif 3 0.06 259 1038 246 1012 349 964 361 990
60.tif 4 1.0 499 865 475 875 435 784 459 773
60.tif 4 1.0 149 242 133 229 180 175 195 188
60.tif 4 1.0 391 1001 380 977 476 934 488 958
60.tif 4 1.0 476 874 452 883 414 791 438 781
60.tif 4 1.0 945 220 933 194 1018 156 1030 182
60.tif 4 1.0 260 1033 249 1010 345 966 356 989
60.tif 4 0.07 263 786 256 773 302 748 309 761
60.tif 4 0.07 311 1039 300 1016 356 990 366 1013
60.tif 5 0.96 262 786 255 771 302 746 309 761
60.tif 5 0.05 260 1036 248 1011 342 966 354 991
257.tif 3 1.0 484 984 428 1003 331 713 387 694
257.tif 5 1.0 458 157 417 166 407 123 449 114
257.tif 5 1.0 595 304 542 305 539 156 592 154
257.tif 5 1.0 1021 416 992 416 992 339 1021 339
257.tif 5 0.99 1005 334 995 335 993 290 1003 290
41.tif 4 1.0 387 558 384 526 556 506 560 537
41.tif 4 1.0 223 574 220 546 359 532 362 561
232.tif 3 0.09 429 520 429 554 216 554 216 520
232.tif 4 1.0 441 520 441 555 214 553 214 519
125.tif 5 1.0 784 197 747 177 814 53 851 73
207.tif 5 1.0 885 159 840 175 793 35 838 20
207.tif 5 1.0 458 630 404 658 314 485 368 457
127.tif 4 1.0 410 738 407 706 503 699 505 731
127.tif 4 1.0 280 438 267 415 376 350 390 372
127.tif 4 1.0 246 355 236 336 365 263 376 281
47.tif 4 1.0 447 742 434 766 271 675 284 652
47.tif 4 1.0 294 636 287 657 216 633 223 612
47.tif 4 1.0 431 701 418 726 350 691 363 666